Start Time,End Time,Lang ID,Text
0,404,[JPN],行け！
