Start Time,End Time,Lang ID,Text
0,236,[JPN],どこにいる！
0,153,[ENG],Where's he hiding!?
